0.000079
0.000218
0.000162
-0.000012
-0.000242
-0.000225
0.000082
0.000400
0.000318
-0.000195
-0.000629
-0.000406
0.000393
0.000933
0.000463
-0.000709
-0.001309
-0.000447
0.001176
0.001743
0.000307
-0.001828
-0.002205
0.000018
0.002687
0.002647
-0.000604
-0.003767
-0.002998
0.001532
0.005067
0.003163
-0.002891
-0.006568
-0.003021
0.004781
0.008229
0.002418
-0.007317
-0.009993
-0.001152
0.010654
0.011786
-0.001064
-0.015040
-0.013521
0.004690
0.020943
0.015106
-0.010611
-0.029426
-0.016451
0.020966
0.043471
0.017477
-0.042988
-0.075250
-0.018119
0.127378
0.284153
0.351671
0.284153
0.127378
-0.018119
-0.075250
-0.042988
0.017477
0.043471
0.020966
-0.016451
-0.029426
-0.010611
0.015106
0.020943
0.004690
-0.013521
-0.015040
-0.001064
0.011786
0.010654
-0.001152
-0.009993
-0.007317
0.002418
0.008229
0.004781
-0.003021
-0.006568
-0.002891
0.003163
0.005067
0.001532
-0.002998
-0.003767
-0.000604
0.002647
0.002687
0.000018
-0.002205
-0.001828
0.000307
0.001743
0.001176
-0.000447
-0.001309
-0.000709
0.000463
0.000933
0.000393
-0.000406
-0.000629
-0.000195
0.000318
0.000400
0.000082
-0.000225
-0.000242
-0.000012
0.000162
0.000218
0.000079
